 2                                                                                                                                                        
Kapr: 4  [1001]                                                                                                                                           
Kapr: 5  [10101]                                                                                                                                          
Kapr: 6  [101101, 110001]                                                                                                                                 
Kapr: 7  [1011101, 1101001]                                                                                                                               
Kapr: 8  [10111101, 11011001, 11100001]                                                                                                                   
Kapr: 9  [101111101, 110111001, 111010001]                                                                                                                
Kapr: 10  [1011111101, 1101111001, 1110110001, 1111000001]                                                                                                
 3                                                                                                                                                        
Kapr: 5  [20211]                                                                                                                                          
Kapr: 7  [2202101]                                                                                                                                        
Kapr: 8  [21022111]                                                                                                                                       
Kapr: 9  [222021001]                                                                                                                                      
Kapr: 10  [2210221101]                                                                                                                                    
 4                                                                                                                                                        
Kapr: 3  [132]                                                                                                                                            
Kapr: 4  [3021]                                                                                                                                           
Kapr: 6  [213312, 310221, 330201]                                                                                                                         
Kapr: 7  [3203211]                                                                                                                                        
Kapr: 8  [31102221, 33102201, 33302001]                                                                                                                   
Kapr: 9  [221333112, 321032211, 332032101] 
Kapr: 10  [3220332111, 3111022221, 3331022001, 3311022201, 3333020001]
 5
Kapr: 2  [13]
Kapr: 4  [3032]
Kapr: 9  [432043211]

 6                                                                                                                                                        
Kapr: 3  [253]                                                                                                                                            
Kapr: 5  [41532]                                                                                                                                          
Kapr: 6  [325523, 420432, 530421] 
Kapr: 8  [55304201, 43155322]]
Kapr: 9  [332555223]
Kapr: 10  [4321044322, 5331044221, 5553042001, 4421553312]
 7
No numbers
 8
Kapr: 2  [25]
Kapr: 3  [374]
Kapr: 6  [640632, 437734]
Kapr: 7  [6417532]
Kapr: 8  [75306421]
Kapr: 9  [443777334]
Kapr: 10  [7753064201]
 9
Kapr: 5  [62853]
Kapr: 8  [65288533]
Kapr: 9  [753186532]
Kapr: 10  [6632885523]
 10
Kapr: 3  [495]
Kapr: 4  [6174]
Kapr: 6  [631764, 49945]
Kapr: 8  [97508421, 63317664]
Kapr: 9  [64197532, 554999445]
Kapr: 10  [9753086421, 9975084201, 6333176664]
