[1, 1, 1, 1, 0, 0, 0, 0]     2
1100    |    0011
0011    |    1100
[1, 1, 1, 0, 1, 0, 0, 0]     0
[1, 1, 1, 0, 0, 1, 0, 0]     2
1|100|1|001
1|001|1|100
[1, 1, 1, 0, 0, 0, 1, 0]     0
[1, 1, 0, 1, 1, 0, 0, 0]     2
0|110|0|011
0|011|0|110
[1, 1, 0, 1, 0, 1, 0, 0]     0
[1, 1, 0, 1, 0, 0, 1, 0]     2
1010    |    0101
0101    |    1010
[1, 1, 0, 0, 1, 1, 0, 0]     4
1001    |    1001
0110    |    0110
1001    |    1001
0110    |    0110
[1, 1, 0, 0, 1, 0, 1, 0]     0
[1, 0, 1, 0, 1, 0, 1, 0]     8
1|010|1|010
0|101|0|101
1|010|1|010
0|101|0|101
1|010|1|010
0|101|0|101
1|010|1|010
0|101|0|101
