6 3
Количество бинарных последовательностей: 4
(0)01(1)10 
(1)01(0)10 
(0)10(1)01 
Количество осей симметрии: 3

6 4
Количество бинарных последовательностей: 3
011|110 
(1)01(1)10 
(0)11(0)11 
101|101 
Количество осей симметрии: 4

7 3
Количество бинарных последовательностей: 5
001(1)100 
100(1)001 
010(1)010 
Количество осей симметрии: 3

7 4
Количество бинарных последовательностей: 5
110(0)011 
011(0)110 
101(0)101 
Количество осей симметрии: 3

8 3
Количество бинарных последовательностей: 7
(0)001(1)100 
(0)010(1)010 
(1)001(0)100 
Количество осей симметрии: 3

8 4
Количество бинарных последовательностей: 10
0011|1100 
(1)001(1)100 
(0)011(0)110 
0101|1010 
0110|0110 
1001|1001 
(0)101(0)101 
(1)010(1)010 
Количество осей симметрии: 8

8 5
Количество бинарных последовательностей: 7
(0)011(1)110 
(0)101(1)101 
(1)011(0)110 
Количество осей симметрии: 3

9 3
Количество бинарных последовательностей: 10
0001(1)1000 
1000(1)0001 
0010(1)0100 
0100(1)0010 
Количество осей симметрии: 4

9 4
Количество бинарных последовательностей: 14
1100(0)0011 
0011(0)1100 
1010(0)0101 
0110(0)0110 
1001(0)1001 
0101(0)1010 
Количество осей симметрии: 6

9 5
Количество бинарных последовательностей: 14
0011(1)1100 
1100(1)0011 
0101(1)1010 
1001(1)1001 
0110(1)0110 
1010(1)0101 
Количество осей симметрии: 6

