'|' - ось симметрии проходит между вершинами. В случае, когда перед первой и последней стоит '|' означает, что между первым и последним элементом есть ось симметрии.
'[', ']' - означает, что вершина, находящаяся между скобками, находится на оси симметрии.
"N","M","Num equal","Num symmetry"
7, 3, 5, 3 
1110000
1101000
1100100
1100010
1010100
[1]100|001
[1]001|100
[1]010|010
8, 3, 7, 3 
11100000
11010000
11001000
11000100
11000010
10101000
10100100
[1]100[0]001
[1]010[0]010
[0]100[1]001
8, 4, 10, 6 
11110000
11101000
11100100
11100010
11011000
11010100
11010010
11001100
11001010
10101010
|1100|0011|
[1]100[1]001
[0]110[0]011
|1010|0101|
|1001|1001|
[1]010[1]010
9, 3, 10, 4 
111000000
110100000
110010000
110001000
110000100
110000010
101010000
101001000
101000100
100100100
[1]1000|0001
[1]0001|1000
[1]0100|0010
[1]0010|0100
9, 4, 14, 6 
111100000
111010000
111001000
111000100
111000010
110110000
110101000
110100100
110100010
110011000
110010100
110010010
110001010
101010100
[0]0011|1100
[0]1100|0011
[0]0101|1010
[0]0110|0110
[0]1001|1001
[0]1010|0101
10, 3, 12, 4 
1110000000
1101000000
1100100000
1100010000
1100001000
1100000100
1100000010
1010100000
1010010000
1010001000
1010000100
1001001000
[1]1000[0]0001
[1]0100[0]0010
[0]1000[1]0001
[1]0010[0]0100
10, 4, 22, 10 
1111000000
1110100000
1110010000
1110001000
1110000100
1110000010
1101100000
1101010000
1101001000
1101000100
1101000010
1100110000
1100101000
1100100100
1100100010
1100011000
1100010100
1100010010
1100001010
1010101000
1010100100
1010010100
|11000|00011|
[1]1000[1]0001
[0]1100[0]0011
|10100|00101|
|01100|00110|
|10010|01001|
|10001|10001|
[0]1010[0]0101
[1]0100[1]0010
[0]1001[0]1001
10, 5, 26, 6 
1111100000
1111010000
1111001000
1111000100
1111000010
1110110000
1110101000
1110100100
1110100010
1110011000
1110010100
1110010010
1110001100
1110001010
1110000110
1101101000
1101100100
1101100010
1101011000
1101010100
1101010010
1101001100
1101001010
1100110010
1100101010
1010101010
[1]1100[0]0011
[1]1010[0]0101
[1]1001[0]1001
[0]1100[1]0011
[1]0110[0]0110
[1]0101[0]1010
11, 3, 15, 5 
11100000000
11010000000
11001000000
11000100000
11000010000
11000001000
11000000100
11000000010
10101000000
10100100000
10100010000
10100001000
10100000100
10010010000
10010001000
[1]10000|00001
[1]00001|10000
[1]01000|00010
[1]00100|00100
[1]00010|01000
11, 4, 30, 10 
11110000000
11101000000
11100100000
11100010000
11100001000
11100000100
11100000010
11011000000
11010100000
11010010000
11010001000
11010000100
11010000010
11001100000
11001010000
11001001000
11001000100
11001000010
11000110000
11000101000
11000100100
11000100010
11000010100
11000010010
11000001010
10101010000
10101001000
10101000100
10100101000
10100100100
[0]00011|11000
[0]11000|00011
[0]00101|10100
[0]00110|01100
[0]01001|10010
[0]01100|00110
[0]10001|10001
[0]10100|00101
[0]01010|01010
[0]10010|01001
11, 5, 42, 10 
11111000000
11110100000
11110010000
11110001000
11110000100
11110000010
11101100000
11101010000
11101001000
11101000100
11101000010
11100110000
11100101000
11100100100
11100100010
11100011000
11100010100
11100010010
11100001100
11100001010
11100000110
11011010000
11011001000
11011000100
11011000010
11010110000
11010101000
11010100100
11010100010
11010011000
11010010100
11010010010
11010001100
11010001010
11001100100
11001100010
11001011000
11001010100
11001010010
11001001010
11000101010
10101010100
[1]11000|00011
[1]00011|11000
[1]10100|00101
[1]10010|01001
[1]10001|10001
[1]01100|00110
[1]00101|10100
[1]00110|01100
[1]01001|10010
[1]01010|01010
12, 3, 19, 5 
111000000000
110100000000
110010000000
110001000000
110000100000
110000010000
110000001000
110000000100
110000000010
101010000000
101001000000
101000100000
101000010000
101000001000
101000000100
100100100000
100100010000
100100001000
100010001000
[1]10000[0]00001
[1]01000[0]00010
[0]10000[1]00001
[1]00100[0]00100
[1]00010[0]01000
12, 4, 43, 15 
111100000000
111010000000
111001000000
111000100000
111000010000
111000001000
111000000100
111000000010
110110000000
110101000000
110100100000
110100010000
110100001000
110100000100
110100000010
110011000000
110010100000
110010010000
110010001000
110010000100
110010000010
110001100000
110001010000
110001001000
110001000100
110001000010
110000110000
110000101000
110000100100
110000100010
110000010100
110000010010
110000001010
101010100000
101010010000
101010001000
101010000100
101001010000
101001001000
101001000100
101000101000
101000100100
100100100100
|110000|000011|
[1]10000[1]00001
[0]11000[0]00011
|101000|000101|
|011000|000110|
|100100|001001|
[0]01100[0]00110
|100010|010001|
|100001|100001|
[0]10100[0]00101
[1]01000[1]00010
|010100|001010|
[0]10010[0]01001
[0]10001[0]10001
[1]00100[1]00100
12, 5, 66, 10 
111110000000
111101000000
111100100000
111100010000
111100001000
111100000100
111100000010
111011000000
111010100000
111010010000
111010001000
111010000100
111010000010
111001100000
111001010000
111001001000
111001000100
111001000010
111000110000
111000101000
111000100100
111000100010
111000011000
111000010100
111000010010
111000001100
111000001010
111000000110
110110100000
110110010000
110110001000
110110000100
110110000010
110101100000
110101010000
110101001000
110101000100
110101000010
110100110000
110100101000
110100100100
110100100010
110100011000
110100010100
110100010010
110100001100
110100001010
110011001000
110011000100
110011000010
110010110000
110010101000
110010100100
110010100010
110010011000
110010010100
110010010010
110010001010
110001100010
110001010100
110001010010
110001001010
110000101010
101010101000
101010100100
101010010100
[1]11000[0]00011
[1]10100[0]00101
[1]10010[0]01001
[1]10001[0]10001
[0]11000[1]00011
[1]01100[0]00110
[1]00110[0]01100
[1]01010[0]01010
[0]10100[1]00101
[1]01001[0]10010
12, 6, 80, 20 
111111000000
111110100000
111110010000
111110001000
111110000100
111110000010
111101100000
111101010000
111101001000
111101000100
111101000010
111100110000
111100101000
111100100100
111100100010
111100011000
111100010100
111100010010
111100001100
111100001010
111100000110
111011100000
111011010000
111011001000
111011000100
111011000010
111010110000
111010101000
111010100100
111010100010
111010011000
111010010100
111010010010
111010001100
111010001010
111010000110
111001110000
111001101000
111001100100
111001100010
111001011000
111001010100
111001010010
111001001100
111001001010
111001000110
111000111000
111000110100
111000110010
111000101100
111000101010
111000100110
111000011010
111000010110
110110110000
110110101000
110110100100
110110100010
110110011000
110110010100
110110010010
110110001100
110110001010
110101101000
110101100100
110101100010
110101011000
110101010100
110101010010
110101001100
110101001010
110100110100
110100110010
110100101100
110100101010
110011001100
110011001010
110010110010
110010101010
101010101010
|111000|000111|
[1]11000[1]00011
|110100|001011|
|110010|010011|
|110001|100011|
[0]11100[0]00111
[1]10100[1]00101
|011100|001110|
[1]10010[1]01001
[1]10001[1]10001
|101100|001101|
[0]11010[0]01011
[0]11001[0]10011
[1]01100[1]00110
[0]10110[0]01101
|101010|010101|
|101001|100101|
|010110|011010|
|100110|011001|
[1]01010[1]01010
