
n= 3 k= 1
0(1)0
n= 3 k= 2
1(0)1
n= 4 k= 1
(0)0(1)0
(1)0(0)0
n= 4 k= 2
10|01
01|10
(1)0(1)0
(0)1(0)1
n= 4 k= 3
(0)1(1)1
(1)1(0)1
n= 5 k= 1
00(1)00
n= 5 k= 2
10(0)01
01(0)10
n= 5 k= 3
01(1)10
10(1)01
n= 5 k= 4
11(0)11
n= 6 k= 1
(1)00(0)00
(0)00(1)00
n= 6 k= 2
001|100
100|001
(0)01(0)10
(0)10(0)01
(1)00(1)00
010|010
n= 6 k= 3
(0)01(1)10
(1)10(0)01
(0)10(1)01
(1)01(0)10
n= 6 k= 4
011|110
110|011
(1)01(1)10
(1)10(1)01
101|101
(0)11(0)11
n= 6 k= 5
(0)11(1)11
(1)11(0)11
n= 7 k= 1
000(1)000
n= 7 k= 2
100(0)001
001(0)100
010(0)010
n= 7 k= 3
001(1)100
100(1)001
010(1)010
n= 7 k= 4
110(0)011
011(0)110
101(0)101
n= 7 k= 5
011(1)110
110(1)011
101(1)101
n= 7 k= 6
111(0)111
n= 8 k= 1
(0)000(1)000
(1)000(0)000
n= 8 k= 2
1000|0001
0001|1000
(0)100(0)001
(0)001(0)100
0010|0100
0100|0010
(1)000(1)000
(0)010(0)010
n= 8 k= 3
(0)001(1)100
(1)100(0)001
(0)010(1)010
(1)010(0)010
(0)100(1)001
(1)001(0)100
n= 8 k= 4
0011|1100
1100|0011
(0)011(0)110
(0)110(0)011
(1)001(1)100
(1)100(1)001
0101|1010
1010|0101
1001|1001
0110|0110
(0)101(0)101
(1)010(1)010
n= 8 k= 5
(0)011(1)110
(1)110(0)011
(0)101(1)101
(1)101(0)101
(1)011(0)110
(0)110(1)011
n= 8 k= 6
1110|0111
0111|1110
(1)110(1)011
(1)011(1)110
1011|1101
1101|1011
(0)111(0)111
(1)101(1)101
n= 8 k= 7
(0)111(1)111
(1)111(0)111
n= 9 k= 1
0000(1)0000
n= 9 k= 2
1000(0)0001
0001(0)1000
0100(0)0010
0010(0)0100
n= 9 k= 3
0001(1)1000
0010(1)0100
1000(1)0001
0100(1)0010
n= 9 k= 4
1100(0)0011
0011(0)1100
1010(0)0101
0110(0)0110
1001(0)1001
0101(0)1010
n= 9 k= 5
0011(1)1100
1100(1)0011
0101(1)1010
1001(1)1001
0110(1)0110
1010(1)0101
n= 9 k= 6
1110(0)0111
0111(0)1110
1101(0)1011
1011(0)1101
n= 9 k= 7
0111(1)1110
1110(1)0111
1011(1)1101
1101(1)1011
n= 9 k= 8
1111(0)1111