Количество вершин =  3
  Количество единиц =  1
         0(1)0
  Количество единиц =  2
         1(0)1
Количество вершин =  4
  Количество единиц =  1
         (0)0(1)0
         (1)0(0)0
  Количество единиц =  2
         (0)1(0)1
         (1)0(1)0
         10|01
         01|10
  Количество единиц =  3
         (1)1(0)1
         (0)1(1)1
Количество вершин =  5
  Количество единиц =  1
         00(1)00
  Количество единиц =  2
         10(0)01
         01(0)10
  Количество единиц =  3
         01(1)10
         10(1)01
  Количество единиц =  4
         11(0)11
Количество вершин =  6
  Количество единиц =  1
         (1)00(0)00
         (0)00(1)00
  Количество единиц =  2
         100|001
         001|100
         (0)10(0)01
         (0)01(0)10
         (1)00(1)00
         010|010
  Количество единиц =  3
         (0)01(1)10
         (1)10(0)01
         (1)01(0)10
         (0)10(1)01
  Количество единиц =  4
         (1)01(1)10
         (1)10(1)01
         110|011
         011|110
         101|101
         (0)11(0)11
  Количество единиц =  5
         (0)11(1)11
         (1)11(0)11
Количество вершин =  7
  Количество единиц =  1
         000(1)000
  Количество единиц =  2
         010(0)010
         100(0)001
         001(0)100
  Количество единиц =  3
         001(1)100
         010(1)010
         100(1)001
  Количество единиц =  4
         101(0)101
         011(0)110
         110(0)011
  Количество единиц =  5
         011(1)110
         101(1)101
         110(1)011
  Количество единиц =  6
         111(0)111
Количество вершин =  8
  Количество единиц =  1
         (0)000(1)000
         (1)000(0)000
  Количество единиц =  2
         (0)001(0)100
         (0)100(0)001
         (1)000(1)000
         (0)010(0)010
         0100|0010
         0010|0100
         1000|0001
         0001|1000
  Количество единиц =  3
         (1)100(0)001
         (0)001(1)100
         (0)010(1)010
         (1)010(0)010
         (0)100(1)001
         (1)001(0)100
  Количество единиц =  4
         1001|1001
         0110|0110
         1100|0011
         0011|1100
         (0)011(0)110
         (0)110(0)011
         (1)100(1)001
         (1)001(1)100
         (1)010(1)010
         (0)101(0)101
         0101|1010
         1010|0101
  Количество единиц =  5
         (0)011(1)110
         (1)110(0)011
         (0)110(1)011
         (1)011(0)110
         (0)101(1)101
         (1)101(0)101
  Количество единиц =  6
         1011|1101
         1101|1011
         (0)111(0)111
         (1)101(1)101
         1110|0111
         0111|1110
         (1)110(1)011
         (1)011(1)110
  Количество единиц =  7
         (0)111(1)111
         (1)111(0)111
Количество вершин =  9
  Количество единиц =  1
         0000(1)0000
  Количество единиц =  2
         1000(0)0001
         0001(0)1000
         0010(0)0100
         0100(0)0010
  Количество единиц =  3
         1000(1)0001
         0001(1)1000
         0010(1)0100
         0100(1)0010
  Количество единиц =  4
         0101(0)1010
         1100(0)0011
         1001(0)1001
         0011(0)1100
         1010(0)0101
         0110(0)0110
  Количество единиц =  5
         1100(1)0011
         1001(1)1001
         0110(1)0110
         0011(1)1100
         0101(1)1010
         1010(1)0101
  Количество единиц =  6
         0111(0)1110
         1101(0)1011
         1110(0)0111
         1011(0)1101
  Количество единиц =  7
         0111(1)1110
         1011(1)1101
         1110(1)0111
         1101(1)1011
  Количество единиц =  8
         1111(0)1111
Количество вершин =  10
  Количество единиц =  1
         (0)0000(1)0000
         (1)0000(0)0000
  Количество единиц =  2
         (0)1000(0)0001
         (0)0001(0)1000
         00001|10000
         10000|00001
         00010|01000
         01000|00010
         (0)0100(0)0010
         (0)0010(0)0100
         (1)0000(1)0000
         00100|00100
  Количество единиц =  3
         (1)0010(0)0100
         (0)0100(1)0010
         (1)0001(0)1000
         (0)1000(1)0001
         (0)0010(1)0100
         (1)0100(0)0010
         (0)0001(1)1000
         (1)1000(0)0001
  Количество единиц =  4
         (1)0010(1)0100
         (1)0100(1)0010
         (0)0101(0)1010
         (0)1010(0)0101
         10001|10001
         (0)0110(0)0110
         11000|00011
         00011|11000
         01001|10010
         10010|01001
         (0)1001(0)1001
         01010|01010
         (0)0011(0)1100
         (0)1100(0)0011
         (1)0001(1)1000
         (1)1000(1)0001
         00110|01100
         01100|00110
         10100|00101
         00101|10100
  Количество единиц =  5
         (0)0110(1)0110
         (1)0110(0)0110
         (1)1010(0)0101
         (0)0101(1)1010
         (0)1100(1)0011
         (1)0011(0)1100
         (1)1100(0)0011
         (0)0011(1)1100
         (1)1001(0)1001
         (0)1001(1)1001
         (0)1010(1)0101
         (1)0101(0)1010
  Количество единиц =  6
         01110|01110
         (1)1001(1)1001
         (0)1110(0)0111
         (0)0111(0)1110
         01101|10110
         10110|01101
         11100|00111
         00111|11100
         (1)0101(1)1010
         (1)1010(1)0101
         01011|11010
         11010|01011
         10011|11001
         11001|10011
         (1)0110(1)0110
         10101|10101
         (0)1101(0)1011
         (0)1011(0)1101
         (1)1100(1)0011
         (1)0011(1)1100
  Количество единиц =  7
         (0)1011(1)1101
         (1)1101(0)1011
         (0)0111(1)1110
         (1)1110(0)0111
         (0)1101(1)1011
         (1)1011(0)1101
         (0)1110(1)0111
         (1)0111(0)1110
  Количество единиц =  8
         11110|01111
         01111|11110
         11101|10111
         10111|11101
         (1)1011(1)1101
         (1)1101(1)1011
         (1)0111(1)1110
         (1)1110(1)0111
         11011|11011
         (0)1111(0)1111
  Количество единиц =  9
         (1)1111(0)1111
         (0)1111(1)1111
